A = 5;
f = 50;
a = (2*pi*f)^2*A/1000

